4504381 54200
307024 3070b
450040 
6029947 11477
4515367 60478
362324 3623
6102768 2429c01
413825
6170577 33291
6092594
6107197 
6163983
4504379
302421 3024
609121 6091
362321
4211150
4271949
4211190
4517925
4528981
4540280
4267850
6001836
6038682
6094069
4211389
4540203
4211437
4211414
4211397
4211436
6043639 connected to 6039479
6015347
4211395 have same shape with 302001
4278274
6039479 connected to 6043639
4558952
302401
6046905
4538353
6044691
6176240
6058177
609101
302301
6034044
4121932
368001
242001
4515364
6099412
362201
4622937
302101
6132212
4500469
6045936
6023806
302001